frame,private_MiB,working_set_MiB,peak_working_set_MiB
1,37.828,42.188,133.055
2,37.828,42.223,133.227
3,37.273,42.230,133.246
4,37.289,42.254,133.270
5,37.434,42.367,133.309
6,37.434,42.367,133.309
7,37.434,42.367,133.309
8,37.289,42.262,133.309
9,37.289,42.262,133.309
10,37.289,42.273,133.309
11,37.289,42.273,133.309
12,37.289,42.273,133.309
13,37.289,42.273,133.309
14,37.289,42.273,133.309
15,37.434,42.379,133.320
16,37.434,42.379,133.320
17,37.434,42.379,133.320
18,37.434,42.379,133.320
19,37.297,42.281,133.320
20,37.297,42.281,133.320
21,37.297,42.281,133.320
22,37.301,42.285,133.320
23,37.309,42.293,133.320
24,37.312,42.297,133.344
25,37.316,42.301,133.348
26,37.316,42.301,133.348
27,37.465,42.410,133.352
28,37.320,42.305,133.352
29,37.324,42.309,133.355
30,37.328,42.312,133.359
31,37.328,42.312,133.359
32,37.328,42.312,133.359
33,37.328,42.312,133.359
34,37.328,42.312,133.359
35,37.328,42.312,133.359
36,37.328,42.312,133.359
37,37.328,42.312,133.359
38,37.328,42.312,133.359
39,37.328,42.312,133.359
40,37.328,42.312,133.359
41,37.328,42.312,133.359
42,37.473,42.418,133.359
43,37.473,42.418,133.359
44,37.473,42.418,133.359
45,37.473,42.418,133.359
46,37.473,42.418,133.359
47,37.473,42.418,133.359
48,37.473,42.418,133.359
49,37.473,42.418,133.359
50,37.473,42.418,133.359
51,37.473,42.418,133.359
52,37.473,42.418,133.359
53,37.473,42.418,133.359
54,37.473,42.422,133.363
55,37.473,42.430,133.371
56,37.473,42.430,133.371
57,37.473,42.430,133.371
58,37.340,42.324,133.371
59,37.344,42.328,133.375
60,37.473,42.434,133.375
61,37.473,42.434,133.375
62,37.473,42.434,133.375
63,37.473,42.434,133.375
64,37.473,42.434,133.375
65,37.473,42.434,133.375
66,37.473,42.434,133.375
67,37.344,42.328,133.375
68,37.473,42.434,133.375
69,37.473,42.434,133.375
70,37.473,42.434,133.375
71,37.473,42.434,133.375
72,37.344,42.328,133.375
73,37.473,42.434,133.375
74,37.473,42.434,133.375
75,37.473,42.434,133.375
76,37.473,42.434,133.375
77,37.344,42.328,133.375
78,37.473,42.434,133.375
79,37.473,42.434,133.375
80,37.473,42.434,133.375
81,37.473,42.434,133.375
82,37.473,42.434,133.375
83,37.473,42.441,133.375
84,37.473,42.441,133.375
85,37.473,42.441,133.375
86,37.473,42.441,133.375
87,37.473,42.441,133.375
88,37.473,42.441,133.375
89,37.473,42.441,133.375
90,37.473,42.441,133.375
91,37.473,42.441,133.375
92,37.473,42.441,133.375
93,37.473,42.441,133.375
94,37.473,42.441,133.375
95,37.473,42.441,133.375
96,37.473,42.449,133.375
97,37.477,42.453,133.375
98,37.625,42.508,133.418
99,37.625,42.516,133.426
100,37.625,42.516,133.426
