11:53:13 1790822312 934 0
11:53:14 1790822312 934 0
11:53:15 1790822312 934 0
11:53:15 1790822312 934 0
11:53:17 1790822312 934 0
11:53:17 1790822312 934 0
11:53:18 1790822312 934 0
11:53:18 1790822312 934 0
11:53:19 1790822312 934 0
11:53:20 1790822312 934 0
11:53:21 1790822312 934 0
11:53:22 1790822312 934 0
11:53:22 1790822312 934 0
11:53:23 1790822312 934 0
11:53:23 1790822312 934 0
11:53:24 1790822312 934 0
11:53:25 1790822312 934 0
11:53:26 1790822312 934 0
11:53:27 1790822312 934 0
11:53:27 1790822312 934 0
11:53:28 1790822312 934 0
11:53:29 1790822312 934 0
11:53:30 1790822312 934 0
11:53:30 1790822312 934 0
11:53:31 1790822312 934 0
11:53:32 1790822312 934 0
11:53:32 1790822312 934 0
11:53:33 1790822312 934 0
11:53:34 1790822312 934 0
11:53:35 1790822312 934 0
11:53:35 1790822312 934 0
11:53:36 1790822312 934 0
11:53:37 1790822312 934 0
11:53:37 1790822312 934 0
11:53:38 1790822312 934 0
11:53:39 1790822312 934 0
11:53:40 1790822312 934 0
11:53:40 1790822312 934 0
11:53:41 1790822312 934 0
11:53:42 1790822312 934 0
11:53:42 1790822312 934 0
11:53:43 1790822312 934 0
11:53:44 1790822312 934 0
11:53:44 1790822312 934 0
11:53:45 1790822312 934 0
11:53:46 1790822312 934 0
11:53:46 1790822312 934 0
11:53:47 1790822312 934 0
11:53:48 1790822312 934 0
11:53:49 1790822312 934 0
11:53:49 1790822312 934 0
11:53:51 1790822312 934 0
11:53:51 1790822312 934 0
11:53:52 1790822312 934 0
11:53:55 1790822312 934 0
11:53:59 1790822312 934 0
11:53:59 1790822312 934 0
11:54:00 1790822312 934 0
11:54:00 1790822312 934 0
11:54:01 1790822312 934 0
11:54:02 1790822312 934 0
11:54:03 1790822312 934 0
11:54:04 1790822312 934 0
11:54:04 1790822312 934 0
11:54:05 1790822312 934 0
11:54:06 1790822312 934 0
11:54:07 1790822312 934 0
11:54:10 1790822312 934 0
11:54:11 1790822312 934 0
11:54:12 1790822312 934 0
11:54:12 1790822312 934 0
11:54:13 1790822312 934 0
11:54:14 1790822312 934 0
11:54:15 1790822312 934 0
11:54:16 1790822312 934 0
11:54:17 1790822312 934 0
11:54:18 1790822312 934 0
