table length | firstMapped | pixels | rc | pixels that differ from the reference
           2 |           0 |  72031 | 0 | 0
           2 |           7 |  72031 | 0 | 0
           2 |        -100 |  72031 | 0 | 0
           2 |       30000 |  72031 | 0 | 0
           2 | -2147483648 |  72031 | 0 | 0
           2 |  2147483647 |  72031 | 0 | 0
          16 |           0 |  72059 | 0 | 0
          16 |           7 |  72059 | 0 | 0
          16 |        -100 |  72059 | 0 | 0
          16 |       30000 |  72059 | 0 | 0
          16 | -2147483648 |  72059 | 0 | 0
          16 |  2147483647 |  72059 | 0 | 0
        4096 |           0 |  80219 | 0 | 0
        4096 |           7 |  80219 | 0 | 0
        4096 |        -100 |  80219 | 0 | 0
        4096 |       30000 |  80219 | 0 | 0
        4096 | -2147483648 |  80219 | 0 | 0
        4096 |  2147483647 |  80219 | 0 | 0
       65536 |           0 | 203099 | 0 | 0
       65536 |           7 | 203099 | 0 | 0
       65536 |        -100 | 203099 | 0 | 0
       65536 |       30000 | 203099 | 0 | 0
       65536 | -2147483648 | 203099 | 0 | 0
       65536 |  2147483647 | 203099 | 0 | 0
TOTAL pixels 2564448, differ 0
