1 S   1                     514                                        84              0              0               156
1 C   1                     476                                       165              0              0               165
2 S   1                     460                                        66              0              0                66
2 C   1                     472                                       176              0              0               176
3 S   1                     446                                        74              0              0               140
3 C   1                     534                                       190              0              0               190
4 S   1                     457                                        70              0              0               135
4 C   1                     446                                       158              0              0               158
5 S   1                     435                                        77              0              0               142
5 C   1                     450                                       158              0              0               158
6 S   1                     460                                        68              0              0               134
6 C   1                     447                                       165              0              0               165
7 S   1                     486                                        71              0              0               138
7 C   1                     470                                       159              0              0               159
8 S   1                     572                                        96              0              0               172
8 C   1                     503                                       180              0              0               180
