1 A   1                     464                                       225              0              0               225
1 B   1                     555                                       902              0              0               902
1 C   1                     448                                       162              0              0               162
2 A   1                     436                                       237              0              0               237
2 B   1                     456                                       889              0              0               889
2 C   1                     446                                       157              0              0               157
3 A   1                     448                                       224              0              0               224
3 B   1                     452                                       882              0              0               882
3 C   1                     462                                       162              0              0               162
4 A   1                     444                                       223              0              0               223
4 B   1                     465                                      1384              1              0              1384
4 C   1                     496                                       166              0              0               166
5 A   1                     470                                       213              0              0               213
5 B   1                     459                                       890              0              0               890
5 C   1                     452                                       164              0              0               164
6 A   1                     449                                       222              0              0               222
6 B   1                     479                                      1617              1              0              1617
6 C   1                     468                                       160              0              0               160
7 A   1                     445                                       211              0              0               211
7 B   1                     450                                      1546              1              0              1546
7 C   1                     465                                       193              0              0               193
8 A   1                     455                                       210              0              0               210
8 B   1                     464                                      1630              1              0              1630
8 C   1                     455                                       161              0              0               161
9 A   1                     435                                       216              0              0               216
9 B   1                     459                                      1209              1              0              1209
9 C   1                     469                                       162              0              0               162
10 A   1                     441                                       213              0              0               213
10 B   1                     455                                      2171              1              1              2171
10 C   1                     440                                       162              0              0               162
