air: centre 7.18873 eV/pixel/history, field min/max relative to centre 0.9415 / 1.0026, scatter/primary in air 0.00171

step (80kVp): primary counts in field min 1988, rel. SEM max 0.022
  x_cm   path_cm   L_mc     L_wet    L_mc-L_wet   SPR
   -14.2    5.05   1.3077   1.3079   -0.0001   0.376
   -12.6    5.04   1.3031   1.3053   -0.0021   0.452
   -11.0    7.95   1.9827   2.0090   -0.0263   0.875
    -9.4   10.04   2.4997   2.5022   -0.0025   1.328
    -7.8   10.03   2.4932   2.4990   -0.0059   1.214
    -6.2   10.02   2.4957   2.4964   -0.0007   1.086
    -4.6   15.01   3.6385   3.6397   -0.0012   2.902
    -3.0   15.00   3.6343   3.6377   -0.0034   2.542
    -1.4   15.00   3.6330   3.6365   -0.0035   2.223
     0.2   19.99   4.7391   4.7494   -0.0103   5.717
     1.8   20.00   4.7451   4.7501   -0.0050   4.853
     3.4   20.00   4.7549   4.7519   +0.0030   4.203
     5.0   20.02   4.7508   4.7549   -0.0040   3.588
     6.6   22.29   5.1948   5.2540   -0.0592   4.682
     8.2   25.08   5.8588   5.8610   -0.0022   7.534
     9.8   25.11   5.8615   5.8687   -0.0072   6.265
    11.4   25.15   5.8815   5.8779   +0.0036   5.261
    13.0   25.20   5.8875   5.8884   -0.0009   4.261
  |L_mc - L_wet| over the field: median 0.0048 max 0.0881

wedge (80kVp): primary counts in field min 2777, rel. SEM max 0.019
  x_cm   path_cm   L_mc     L_wet    L_mc-L_wet   SPR
   -14.2    7.07   1.7468   1.7993   -0.0526   0.467
   -12.6    8.06   2.0131   2.0364   -0.0233   0.721
   -11.0    9.55   2.3829   2.3886   -0.0056   1.070
    -9.4   10.54   2.6126   2.6190   -0.0064   1.294
    -7.8   12.03   2.9603   2.9628   -0.0025   1.696
    -6.2   13.02   3.1800   3.1888   -0.0088   1.923
    -4.6   14.51   3.5178   3.5268   -0.0090   2.408
    -3.0   15.50   3.6961   3.7502   -0.0541   2.554
    -1.4   16.50   3.9739   3.9731   +0.0008   2.982
     0.2   17.49   4.1924   4.1958   -0.0034   3.246
     1.8   18.50   4.4387   4.4185   +0.0202   3.609
     3.4   20.00   4.7552   4.7519   +0.0033   4.281
     5.0   20.52   4.8502   4.8651   -0.0149   4.081
     6.6   22.04   5.1524   5.1991   -0.0468   4.741
     8.2   22.57   5.3005   5.3146   -0.0141   4.644
     9.8   23.60   5.5478   5.5409   +0.0069   4.963
    11.4   24.65   5.7616   5.7686   -0.0070   5.039
    13.0   25.20   5.9180   5.8884   +0.0296   4.779
  |L_mc - L_wet| over the field: median 0.0133 max 0.0554
