round arm | run handle_ms visible_ms ready_ms unanswered_total_ms(0-4s) longest_unanswered_ms
1 C |   1        147         490       730                        429                    43
1 D |   1        167         517       746                        396                    43
2 C |   1        100         450       660                        399                    44
2 D |   1        106         462       674                        377                    42
3 C |   1        103         449       653                        430                    44
3 D |   1        100         454       673                        429                    46
4 C |   1         99         457       659                        410                    44
4 D |   1        102         444       661                        397                    44
5 C |   1        103         459       662                        359                    46
5 D |   1        103         457       665                        412                    43
6 C |   1        103         448       667                        380                    45
6 D |   1        102         444       676                        443                    42
7 C |   1        100         459       663                        408                    44
7 D |   1         98         455       666                        364                    44
8 C |   1        104         443       663                        411                    43
8 D |   1         98         447       671                        429                    42
9 C |   1         99         451       658                        411                    43
9 D |   1        101         492       711                        423                    44
10 C |   1        102         457       667                        401                    44
10 D |   1        105         449       672                        398                    43
11 C |   1        102         444       661                        409                    44
11 D |   1        100         439       657                        414                    45
12 C |   1        111         494       705                        409                    44
12 D |   1        100         458       667                        380                    45
