frame,private_MiB,working_set_MiB,peak_working_set_MiB
1,37.289,42.211,133.207
2,37.422,42.305,133.246
3,37.273,42.219,133.246
4,37.273,42.227,133.246
5,37.422,42.336,133.277
6,37.422,42.348,133.289
7,37.430,42.355,133.297
8,37.281,42.250,133.297
9,37.281,42.250,133.297
10,37.281,42.250,133.297
11,37.281,42.250,133.297
12,37.281,42.250,133.297
13,37.281,42.250,133.297
14,37.281,42.250,133.297
15,37.430,42.355,133.297
16,37.430,42.355,133.297
17,37.430,42.355,133.297
18,37.430,42.355,133.297
19,37.430,42.355,133.297
20,37.430,42.355,133.297
21,37.430,42.355,133.297
22,37.430,42.355,133.297
23,37.285,42.254,133.301
24,37.293,42.262,133.309
25,37.305,42.273,133.320
26,37.336,42.305,133.352
27,37.449,42.418,133.359
28,37.602,42.461,133.371
29,37.602,42.469,133.379
30,37.602,42.469,133.379
31,37.383,42.352,133.398
32,37.383,42.352,133.398
33,37.383,42.352,133.398
34,37.383,42.352,133.398
35,37.512,42.438,133.398
36,37.523,42.449,133.398
37,37.523,42.449,133.398
38,37.523,42.449,133.398
39,37.523,42.449,133.398
40,37.383,42.352,133.398
41,37.383,42.352,133.398
42,37.531,42.457,133.398
43,37.531,42.457,133.398
44,37.391,42.359,133.406
45,37.391,42.359,133.406
46,37.391,42.359,133.406
47,37.391,42.359,133.406
48,37.391,42.359,133.406
49,37.391,42.359,133.406
50,37.391,42.359,133.406
51,37.391,42.359,133.406
52,37.609,42.496,133.406
53,37.609,42.496,133.406
54,37.398,42.367,133.414
55,37.609,42.504,133.414
56,37.609,42.512,133.422
57,37.406,42.375,133.422
58,37.609,42.512,133.422
59,37.609,42.512,133.422
60,37.602,42.504,133.422
61,37.609,42.512,133.422
62,37.609,42.512,133.422
63,37.406,42.375,133.422
64,37.406,42.375,133.422
65,37.609,42.512,133.422
66,37.609,42.512,133.422
67,37.422,42.391,133.438
68,37.609,42.527,133.438
69,37.402,42.371,133.438
70,37.605,42.516,133.438
71,37.605,42.523,133.438
72,37.605,42.523,133.438
73,37.605,42.523,133.438
74,37.418,42.387,133.438
75,37.605,42.523,133.438
76,37.605,42.523,133.438
77,37.605,42.531,133.441
78,37.605,42.531,133.441
79,37.605,42.531,133.441
80,37.426,42.395,133.441
81,37.605,42.531,133.441
82,37.605,42.531,133.441
83,37.605,42.531,133.441
84,37.605,42.531,133.441
85,37.551,42.477,133.441
86,37.414,42.383,133.441
87,37.594,42.520,133.441
88,37.594,42.520,133.441
89,37.594,42.520,133.441
90,37.590,42.516,133.441
91,37.594,42.520,133.441
92,37.594,42.520,133.441
93,37.414,42.383,133.441
94,37.594,42.520,133.441
95,37.594,42.520,133.441
96,37.598,42.523,133.441
97,37.418,42.387,133.441
98,37.598,42.523,133.441
99,37.598,42.523,133.441
100,37.598,42.523,133.441
