round 0 old 145.34 142.47 140.09 128.43 122.11 120.12 119.53 122.55
round 0 new 132.77 127.00 120.58 118.96 118.45 123.70 118.25 121.53
round 1 new 120.13 119.45 120.65 120.71 124.64 127.65 122.96 121.27
round 1 old 122.90 127.82 120.61 126.24 120.57 119.33 118.99 122.00
round 2 old 120.35 130.81 120.23 125.20 127.74 121.04 121.50 121.37
round 2 new 122.49 119.52 123.74 121.35 120.93 125.05 123.04 123.00
round 3 new 138.97 132.86 137.43 131.32 128.88 130.50 149.27 158.20
round 3 old 140.57 130.73 123.88 128.07 124.93 126.52 129.92 136.23
round 4 old 144.19 146.62 139.41 138.09 131.29 136.59 141.33 132.08
round 4 new 127.40 123.96 134.90 121.03 118.25 117.66 120.64 119.83
round 5 new 120.10 129.81 117.87 120.81 120.48 122.58 123.99 146.16
round 5 old 116.88 122.68 118.78 122.01 128.13 124.14 122.85 119.96
round 6 old 120.81 121.30 120.85 125.91 119.29 126.32 119.19 122.03
round 6 new 121.81 130.70 119.98 120.92 120.52 122.74 124.79 120.03
round 7 new 119.54 120.97 120.67 119.80 126.25 131.65 129.97 126.24
round 7 old 129.78 120.23 118.28 124.49 118.49 120.26 117.17 119.60
round 8 old 118.27 120.48 119.94 123.79 119.24 129.00 120.53 121.14
round 8 new 125.54 121.50 128.56 123.34 126.36 127.00 122.65 121.60
round 9 new 138.01 122.67 134.71 128.74 122.55 118.00 123.61 125.77
round 9 old 125.59 117.21 121.29 122.47 121.10 122.20 121.22 131.94
