1 A   1        118         483       760                        453                    44
1 B   1        114         490      1440                       1075                    43
1 C   1        110         487       693                        368                    44
2 A   1        101         481       736                        445                    43
2 B   1        111         471        -1                       3421                    45
2 C   1        120         492       698                        396                    43
3 A   1        115         494       744                        449                    46
3 B   1        115         518      3312                       2723                    45
3 C   1        103         473       706                        421                    44
4 A   1        103         471       760                        487                    44
4 B   1        110         497      1737                       1314                    43
4 C   1        109         486       703                        418                    46
5 A   1        116         536       805                        526                    44
5 B   1        107         469      1470                       1126                    44
5 C   1        103         497       706                        428                    42
6 A   1        121         502       777                        461                    43
6 B   1        112         473      2138                       1724                    43
6 C   1        120         495       720                        412                    44
7 A   1        105         499       758                        473                    45
7 B   1        102         475      2192                       1769                    43
7 C   1        124         537       781                        446                    43
8 A   1        109         512       784                        488                    43
8 B   1        110         478      2984                       2463                    44
8 C   1        108         478       707                        450                    43
9 A   1        114         490       781                        504                    44
9 B   1        114         491      1525                       1130                    49
9 C   1        106         483       697                        396                    43
10 A   1        109         479       745                        451                    43
10 B   1        104         468      1393                       1075                    44
10 C   1        107         461       684                        405                    43
