1 A   1        119         494       771                        480                    44
1 B   1        113         476      1906                       1498                    45
1 S   1        122         474       587                        366                    44
1 C   1        111         458       681                        392                    44
2 A   1        103         464       714                        432                    43
2 B   1         97         462      2054                       1641                    43
2 S   1        100         463       561                        320                    44
2 C   1        105         472       702                        439                    43
3 A   1        100         464       714                        452                    45
3 B   1        108         524      2128                       1681                    45
3 S   1        111         493       600                        343                    44
3 C   1        112         470       710                        434                    42
4 A   1        102         486       769                        486                    43
4 B   1        110         473      2038                       1647                    44
4 S   1        103         469       588                        366                    45
4 C   1        110         464       678                        406                    43
5 A   1        107         467       745                        471                    43
5 B   1        105         483      1475                       1107                    44
5 S   1        107         463       582                        362                    44
5 C   1        107         483       693                        391                    42
6 A   1        107         482       741                        457                    45
6 B   1        116         493      2731                       2233                    43
6 S   1        107         472       574                        339                    37
6 C   1        113         486       715                        414                    43
7 A   1        109         468       729                        453                    43
7 B   1        105         463      1936                       1542                    45
7 S   1        107         456       579                        357                    43
7 C   1        111         516       748                        484                    44
8 A   1        104         491       761                        434                    42
8 B   1        104         468      1645                       1289                    43
8 S   1        105         467       585                        354                    45
8 C   1        105         486       695                        399                    42
9 A   1        103         493       753                        468                    44
9 B   1        101         495      3856                       3226                    45
9 S   1        110         463       567                        385                    44
9 C   1        109         493       709                        417                    43
10 A   1        120         489       742                        429                    42
10 B   1        106         471      2121                       1671                    44
10 S   1        106         480       587                        326                    43
10 C   1        112         505       708                        400                    43
