after stage   |        before        |     c1 reciprocal    |   c2 stage buffers   |    c3 ghost planes
              |   private       peak|   private       peak|   private       peak|   private       peak
readout       |     261.6      261.6|     261.5      261.6|     261.6      261.6|     153.3      153.3
temp          |     279.6      279.6|     279.6      279.6|     279.6      279.6|     171.4      171.4
offset        |     297.6      297.7|     297.6      297.6|     279.6      297.7|     171.4      189.4
nonlinearity  |     315.7      315.7|     315.7      315.7|     279.6      297.7|     171.4      189.4
gain          |     351.8      387.8|     351.8      351.8|     297.7      315.7|     189.4      207.5
binning       |     351.8      387.8|     351.8      351.8|     297.7      315.7|     189.4      207.5
defect        |     387.8      390.2|     387.8      390.1|     297.7      315.7|     189.4      207.5
ghost         |     423.9      423.9|     423.9      423.9|     297.7      315.7|     189.4      207.5
final copy    |     423.9      423.9|     423.9      423.9|     297.7      315.7|     189.4      207.5
