35279494289 f1bafba 110.9 0.972
35277554935 cedce22 163.8 0.556
35275125717 c72f0e8 122.1 0.472
35231522428 3a39206 164.4 0.568
35229666116 f3b3830 183.9 0.527
35227940091 e119331 163.7 0.568
35226237458 716dbeb 163.6 0.571
35224695033 1820bb3 171.1 0.545
35223009408 3cfe6e9 184.0 0.524
35221883116 6fde6fc 163.9 0.567
35218004103 6026cb0 163.9 0.574
35216206196 b9e3087 163.9 0.570
35214503463 db44da9 171.8 0.571
35211811453 dcf32a8 164.6 0.574
35210314900 63af26c 163.8 0.567
35186193358 9ee7dbd 163.8 0.568
35184784277 54a3356 170.8 0.561
35179642858 2bf9952 112.7 0.472
35178852195 776292b 142.3 0.533
35177717621 83a7c2d 164.0 0.571
35176868070 ead6c64 166.7 0.638
35176092896 8976f73 171.4 0.537
